200	0	0	0	0	0	0	0	0	0	0	0	0	0	0	0	0	0,4	0	0	0,4	0
400	4	0	4	0	4	0	4	0	4	0	4	0	4	0	47	0	0,8	0	0	0,8	0
600	8	0	8	0	8	0	8	0	8	0	8	0	8	0	46	0	1,2	0	0	1,2	0
800	13	0	13	0	13	0	12	0	12	0	12	0	12	0	44	0	1,6	0	0	1,7	0
1000	17	11	17	11	17	11	17	11	17	11	17	10	17	10	43	1	2	78	1,3	2,1	0
1200	22	13	22	13	22	13	22	13	22	13	21	13	21	13	41	1	2,4	78	1,6	2,5	0
1400	27	15	27	15	27	15	27	15	26	15	26	15	26	15	40	1	2,9	78	1,9	3	0
1600	32	18	32	18	32	17	32	17	31	17	31	17	31	17	39	1	3,3	78	2,2	3,5	0
1800	38	20	38	20	37	20	37	20	37	20	36	20	36	20	37	1	3,8	78	2,5	4	0
2000	44	23	43	23	43	22	42	22	42	22	42	22	41	22	36	1	4,3	78	2,8	4,6	0
2200	50	26	49	26	49	25	48	25	48	25	47	25	46	25	35	1	4,8	78	3,2	5,1	0
2400	56	29	55	28	54	28	54	28	53	28	52	28	52	27	34	1	5,3	78	3,6	5,7	0
2600	62	32	61	31	60	31	59	31	59	30	58	30	57	30	33	1	5,8	77	4	6,3	0
2800	69	35	68	34	66	34	65	34	65	33	64	33	63	33	32	1	6,3	77	4,5	6,8	0
3000	76	38	74	37	73	37	72	37	71	36	70	36	69	36	31	2	6,9	77	5	7,4	0
3200	83	41	81	40	80	40	79	40	77	39	76	39	75	39	30	2	7,4	77	5,5	8	0
3400	90	44	89	43	87	43	86	43	84	42	83	42	81	41	29	2	8	77	6	8,7	0
3600	97	47	96	46	94	46	93	46	91	45	89	45	88	44	28	2	8,5	77	6,6	9,3	0
3800	105	50	104	50	102	49	100	49	98	48	96	48	94	47	27	2	9,1	77	7,2	9,9	0
4000	113	53	112	53	110	52	107	52	105	51	103	51	101	50	26	2	9,7	77	7,9	11	0
4200	122	56	120	56	118	55	115	55	113	54	111	54	109	53	25	2	10	77	8,5	11	0
4400	130	59	128	59	126	58	123	58	121	57	118	57	116	56	25	2	11	77	9,2	12	0
4600	139	62	137	62	134	62	131	61	129	60	126	60	123	59	24	3	12	76	10	13	0
4800	148	66	145	65	143	65	140	64	137	64	134	63	131	62	24	3	12	76	11	13	0
5000	157	69	154	69	151	68	148	68	145	67	142	66	139	65	23	3	13	76	12	14	0
5200	167	73	164	72	160	71	157	71	154	70	150	69	147	68	23	3	14	76	13	15	0
5400	176	76	173	75	169	75	166	74	162	73	159	72	155	72	22	3	14	76	13	15	0
5600	186	80	182	79	179	78	175	77	171	77	167	76	164	75	22	4	15	76	14	16	0
5800	196	83	192	82	188	82	184	81	180	80	176	79	172	78	21	4	15	76	15	17	0
6000	206	87	202	86	198	85	194	84	190	83	185	82	181	81	21	4	16	76	16	18	0
6200	217	90	212	90	208	89	204	88	199	87	195	86	190	85	21	4	17	76	16	18	0
6400	227	94	223	93	218	92	213	91	209	99	204	89	199	88	20	4	18	76	17	19	0
6600	238	98	233	97	228	96	223	95	218	94	214	93	209	92	20	5	19	75	18	20	0
6800	249	102	244	101	239	100	234	99	228	98	223	96	218	95	20	5	20	75	19	20	0
7000	260	106	255	105	249	104	244	102	239	101	233	100	228	99	19	5	20	75	20	21	0
7200	272	110	266	109	260	107	254	106	249	105	243	104	238	103	19	5	21	75	21	22	0
7400	283	114	277	113	271	111	265	110	259	109	254	108	248	106	18	6	21	75	22	23	0
7600	295	118	289	117	282	116	276	114	270	113	264	111	258	110	18	6	22	74	23	24	0
7800	308	123	301	121	294	120	288	118	281	117	275	115	268	114	18	6	22	74	24	24	0
8000	321	127	313	126	306	124	299	123	292	121	286	119	279	118	17	6	23	74	25	25	0
8200	334	132	326	130	318	128	311	127	304	125	297	123	289	122	17	7	24	74	26	26	0
8400	347	136	339	134	331	133	323	131	315	129	308	127	300	126	16	7	25	73	27	27	0
8600	361	141	352	139	344	137	335	135	327	133	320	132	312	130	16	7	26	73	27	28	0
8800	375	145	366	144	357	142	348	140	340	138	332	136	323	134	16	8	27	72	28	29	0
9000	390	150	380	148	370	146	361	144	352	142	344	140	335	138	15	8	28	72	29	30	0
9200	405	155	395	153	384	151	375	149	365	147	356	145	347	143	15	8	29	72	30	31	0
9400	421	160	410	158	399	155	389	153	378	151	369	149	360	147	14	8	30	71	31	32	0
9600	438	165	426	163	414	160	403	158	392	155	382	154	372	151	14	9	31	71	32	33	0
9800	456	170	442	168	429	165	417	162	406	160	396	158	385	156	14	9	32	70	33	34	0
10000	474	176	459	173	445	170	433	167	421	164	410	162	399	160	13	10	33	70	35	35	0
10200	494	182	477	178	462	175	449	172	436	169	424	167	412	164	13	10	34	69	36	36	0
10400	515	189	497	184	480	181	465	178	452	175	439	172	426	169	12	10	35	69	38	37	0
10600	538	197	518	191	499	187	483	183	468	180	454	177	441	174	11	11	36	68	39	38	0
10800	563	205	540	199	519	193	502	189	485	185	470	182	456	179	10	11	37	68	41	40	0
11000	592	214	565	207	542	201	522	195	504	191	487	187	472	184	9,5	12	38	67	42	41	0
11200	629	225	594	216	566	209	543	202	523	197	505	193	489	189	8,7	12	39	66	44	42	0
11400	685	243	629	228	594	218	567	210	544	204	524	199	506	195	7,8	13	40	64	46	43	0
11600	0	0	679	242	628	229	593	219	567	212	544	206	525	201	6,7	14	41	63	49	45	0
11800	0	0	0	0	676	243	625	230	593	221	567	214	545	208	5,3	14	43	62	52	47	0
12000	0	0	0	0	0	0	670	244	624	231	592	222	567	215	2,9	16	45	61	55	50	0
