600	1	0	1	0	1	0	1	0	1	0	1	0	1	0	92	0	0,8	0	0	0,9	0
800	4	0	4	0	4	0	4	0	4	0	4	0	4	0	90	0	1,1	0	0	1,2	0
1000	6	0	6	0	6	0	6	0	6	0	6	0	6	0	88	0	1,4	0	0	1,5	0
1200	8	0	8	0	8	0	8	0	8	0	8	0	8	0	86	0	1,7	0	0	1,8	0
1400	11	11	11	11	11	11	10	11	10	11	10	11	10	11	84	0	2	100	1,4	2,2	0
1600	13	13	13	13	13	13	13	12	13	12	13	12	13	12	81	0	2,3	100	1,6	2,5	0
1800	16	14	16	14	16	14	15	14	15	14	15	14	15	14	78	0	2,7	100	1,8	2,9	0
2000	19	16	18	16	18	16	18	16	18	16	18	16	18	16	75	0	3	100	2	3,3	0
2200	21	18	21	18	21	18	21	18	20	18	20	18	20	17	72	0	3,3	100	2,4	3,6	0
2400	24	20	24	20	24	20	24	20	23	20	23	19	23	19	70	0	3,7	100	2,8	4	0
2600	27	22	27	22	27	22	26	21	26	21	26	21	26	21	68	0	4	100	3,2	4,3	0
2800	31	24	30	24	30	24	29	23	29	23	29	23	29	23	66	1	4,4	100	3,7	4,7	0
3000	34	26	33	26	33	25	32	25	32	25	31	25	31	25	64	1	4,7	100	4,2	5,1	0
3200	37	28	37	28	36	27	35	27	35	27	34	27	34	26	62	1	5	100	4,7	5,5	0
3400	41	30	40	30	39	29	39	29	38	29	37	28	37	28	61	1	5,4	100	5,2	6	0
3600	44	32	44	32	43	31	42	31	41	31	40	30	40	30	59	1	5,8	100	5,7	6,4	0
3800	48	34	47	34	46	33	45	33	44	33	44	32	44	32	58	1	6,2	100	6,2	6,8	0
4000	52	37	51	36	50	36	49	35	48	35	47	34	47	34	56	1	6,6	100	6,7	7,3	0
4200	56	39	55	39	54	38	53	38	52	37	51	37	51	36	55	1	7	100	7,3	7,7	0
4400	61	42	59	41	58	41	57	40	55	39	54	39	54	38	54	1	7,4	100	7,9	8,2	0
4600	65	44	63	44	62	43	60	42	59	42	58	41	58	41	52	1	7,8	99	8,4	8,7	0
4800	70	47	68	46	66	45	64	45	63	44	61	44	61	43	50	1	8,2	99	9	9,2	0
5000	75	50	73	49	71	48	69	47	67	47	65	46	64	45	48	1	8,6	99	9,8	9,7	0
5200	80	52	77	51	75	50	73	50	71	49	69	48	68	48	46	1	9,1	99	11	10	0
5400	85	55	82	54	80	53	77	52	75	51	73	50	72	50	44	2	9,5	99	11	11	0
5600	90	58	87	57	84	56	82	55	79	54	77	53	76	52	43	2	10	99	12	11	0
5800	96	61	92	59	89	58	87	57	84	56	82	55	80	54	41	2	10	99	12	12	0
6000	102	64	98	62	95	61	92	60	89	59	86	58	84	57	40	2	11	99	13	12	0
6200	108	67	104	65	100	64	97	63	94	61	91	60	88	59	39	2	12	99	14	13	0
6400	114	71	110	69	106	67	102	66	99	64	95	63	92	62	38	2	12	99	14	14	0
6600	121	74	116	72	112	70	108	68	104	67	100	65	97	64	37	2	13	99	15	14	0
6800	127	78	122	75	118	73	113	71	109	70	105	68	101	67	35	2	13	99	15	15	0
7000	134	81	129	79	124	77	119	75	115	73	110	71	106	69	34	3	14	99	16	15	0
7200	141	84	136	82	130	80	125	78	120	76	115	74	111	72	33	3	15	99	17	16	0
7400	149	88	143	86	137	84	131	81	126	79	121	77	116	75	32	3	15	99	18	17	0
7600	156	91	150	89	144	87	138	85	132	83	127	81	122	78	31	3	16	98	19	17	0
7800	164	95	157	93	151	91	144	88	138	86	133	84	128	82	30	3	16	98	20	18	0
8000	172	98	165	96	158	94	151	92	145	90	139	87	134	85	29	3	17	98	21	19	0
8200	180	102	172	100	165	98	158	95	152	93	146	91	140	88	28	4	18	98	22	19	0
8400	188	106	180	104	173	101	166	99	159	96	152	94	146	92	28	4	18	98	23	20	0
8600	197	109	189	107	181	105	173	103	166	100	159	98	152	95	27	4	19	98	23	21	0
8800	206	113	197	111	189	108	181	106	173	104	166	101	159	99	27	4	19	98	24	22	0
9000	215	117	206	114	197	112	188	110	180	107	173	105	165	102	26	4	20	98	25	22	0
9200	224	120	214	118	205	116	196	113	188	111	180	108	172	106	26	4	21	98	26	23	0
9400	233	124	223	122	214	119	204	117	195	114	187	112	179	109	25	5	22	97	27	24	0
9600	243	128	232	125	222	123	213	120	203	118	194	115	186	113	25	5	23	97	28	24	0
9800	252	132	242	129	231	127	221	124	211	122	202	119	194	116	24	5	24	96	29	25	0
10000	262	136	251	133	240	130	230	128	220	125	210	122	201	120	24	5	25	96	30	26	0
10200	273	140	261	137	250	134	239	132	228	129	218	126	209	123	23	6	26	96	31	27	0
10400	283	144	271	141	259	138	248	135	237	132	226	130	216	127	23	6	26	96	32	28	0
10600	294	149	281	146	269	142	257	139	246	136	235	133	224	130	22	6	27	95	33	28	0
10800	305	154	292	150	279	146	267	143	255	140	243	137	232	134	22	6	27	95	34	29	0
11000	317	158	303	154	289	151	276	147	264	144	252	140	240	137	21	7	28	95	35	30	0
11200	328	163	314	159	300	155	286	151	273	148	260	144	248	141	21	7	29	95	36	31	0
11400	340	168	325	164	311	160	296	156	282	152	269	148	257	144	20	7	30	95	38	32	0
11600	353	173	337	169	322	164	307	160	292	156	278	152	265	148	20	7	31	94	39	32	0
11800	366	178	349	174	333	169	317	164	302	160	288	156	274	152	19	8	32	94	40	33	0
12000	379	183	361	179	344	174	328	169	312	164	297	160	283	156	19	8	32	94	41	34	0
12200	392	188	373	184	356	179	339	174	323	169	307	164	292	160	18	8	33	94	42	35	0
12400	406	194	386	189	368	184	350	179	333	174	317	169	301	164	18	8	33	93	43	36	0
12600	420	199	399	194	380	189	361	183	344	178	327	173	311	168	17	9	34	93	45	37	0
12800	434	204	413	199	393	194	373	188	355	183	338	178	321	173	17	9	34	92	46	38	0
13000	450	210	427	204	406	199	385	193	366	188	348	182	331	177	17	9	35	92	47	39	0
13200	466	215	441	209	419	204	398	198	378	193	359	187	341	182	16	10	36	91	49	40	0
13400	483	221	456	215	433	209	411	203	390	198	370	192	352	186	16	10	37	91	50	41	0
13600	501	227	472	220	447	214	424	208	402	203	382	197	363	191	16	10	38	90	51	42	0
13800	520	234	489	226	462	219	438	213	415	208	394	202	374	196	15	10	39	90	52	43	0
14000	540	241	507	232	478	225	452	219	428	213	406	207	385	201	15	11	39	89	53	44	0
14200	562	249	526	239	494	231	466	224	441	218	418	211	397	205	15	11	40	88	54	45	0
14400	587	258	546	246	511	237	481	230	455	223	431	216	409	210	14	12	41	88	56	46	0
14600	615	268	567	254	529	243	497	235	469	228	444	221	421	215	14	12	42	87	57	48	0
14800	651	281	590	263	548	250	514	241	484	233	457	226	433	220	13	13	43	87	58	49	0
15000	706	298	617	273	569	258	531	247	499	238	471	231	445	225	12	13	45	86	60	50	0
15200	0	0	650	283	591	266	550	254	516	244	485	236	458	230	11	14	46	84	62	51	0
15400	0	0	702	302	617	275	570	261	533	250	500	242	472	235	10	14	47	82	64	53	0
15600	0	0	0	0	648	287	591	269	551	257	516	248	486	240	9,5	15	48	81	65	54	0
15800	0	0	0	0	691	302	616	278	570	265	532	254	500	245	8,6	15	49	80	67	56	0
16000	0	0	0	0	0	0	644	289	590	273	549	260	515	251	7,5	16	50	79	69	58	0
16200	0	0	0	0	0	0	829	350	898	377	942	395	978	410	8,5	30	57	66	83	71	0