200	4		4	-	4	-	4	-	4	-	4	-	4	-	55	0	-	-	0,4	0,4	-
400	7	-	7	-	7	-	7	-	7	-	7	-	7	-	53	0	0	-	0,8	0,8	-
600	11	-	11	-	11	-	11	-	11	-	11	-	11	-	51	0	0	-	1,2	1,2	-
800	15	-	15	-	15	-	15	-	15	-	15	-	15	-	49	0	0	-	1,6	1,6	-
1000	19	10	19	10	19	10	19	10	19	10	19	9	19	9	48	0	0,4	-	2	2	-
1200	23	12	23	12	23	12	23	12	23	11	23	11	23	11	47	0	0,3	-	2,4	2,4	-
1400	27	14	27	15	27	14	27	14	27	13	27	13	37	13	47	0	0,3	-	2,8	2,8	-
1600	31	17	31	17	31	16	31	16	31	15	31	15	31	14	46	0	0,3	-	3,2	3,2	-
1800	36	19	36	19	35	18	35	18	35	17	35	17	35	16	45	0	0,3	-	3,7	3,7	-
2000	40	21	40	21	40	20	40	20	40	19	39	19	39	18	44	1	0,3	-	4,2	4,2	-
2200	45	24	45	23	44	22	44	22	44	21	44	20	43	20	43	1	0,3	-	4,7	4,7	-
2400	50	26	50	25	49	24	49	24	49	23	48	22	48	22	42	1	0,3	-	5,2	5,2	-
2600	55	28	54	27	54	26	54	26	53	25	53	24	52	24	41	1	0,3	-	5,7	5,7	-
2800	60	30	59	29	59	28	58	28	58	27	57	26	57	26	40	1	0,3	-	6,2	6,2	-
3000	65	32	64	31	64	30	63	30	62	29	62	28	62	27	39	1	0,3	-	6,7	6,7	-
3200	70	34	70	33	69	32	68	31	67	30	67	30	66	29	38	1	0,3	-	7,2	7,2	-
3400	75	36	75	35	74	34	73	33	72	32	72	32	71	31	38	1	0,3	-	7,7	7,7	-
3600	81	38	80	37	79	36	79	35	78	34	77	34	76	33	37	1	0,3	-	8,2	8,2	-
3800	87	40	86	39	85	38	84	37	83	36	82	35	81	34	36	1	0,2	-	8,7	8,7	-
4000	93	42	92	41	90	40	89	39	88	38	87	39	86	36	36	2	0,2	-	9,2	9,2	-
4200	99	44	98	43	96	42	95	41	94	40	93	41	92	38	35	2	0,2	-	9,7	9,7	-
4400	105	46	104	45	102	44	101	43	99	42	98	42	97	40	34	2	9	-	10	10	-
4600	112	48	110	47	108	46	107	44	105	43	104	44	102	41	33	2	0,2	-	11	11	-
4800	118	50	116	49	114	47	113	46	111	45	109	46	108	43	32	2	0,2	-	11	11	-
5000	125	52	123	50	121	49	119	48	117	47	115	48	114	45	31	2	0,2	-	12	12	-
5200	132	54	130	52	127	51	125	50	123	49	121	49	120	46	30	2	0,2	-	13	13	-
5400	139	55	137	54	134	53	132	52	129	50	127	51	126	48	30	2	0,2	-	13	13	-
5600	147	57	144	56	141	55	139	53	136	52	134	53	132	50	29	2	0,2	-	14	14	-
5800	154	59	151	58	148	56	146	55	143	54	140	54	138	51	28	2	0,2	-	14	14	-
6000	162	61	159	60	156	58	153	57	150	56	147	56	145	53	27	3	0,2	-	15	15	-
6200	170	63	167	62	163	60	160	59	157	57	154	58	151	54	27	3	0,2	-	16	16	-
6400	179	65	175	64	171	62	167	61	164	59	161	59	158	56	26	3	0,2	-	16	16	-
6600	187	67	183	66	179	64	175	62	172	61	168	61	165	58	25	3	0,2	-	17	17	-
6800	195	69	191	68	187	66	183	64	179	63	175	63	172	59	25	3	0,2	-	18	18	-
7000	204	71	200	70	196	68	191	66	187	64	183	64	179	61	24	3	0,2	-	18	18	-
7200	213	73	209	72	204	70	200	68	195	66	191	66	186	63	24	4	0,2	-	19	19	-
7400	222	75	218	74	213	72	208	70	203	68	199	68	194	64	23	4	0,2	-	20	20	-
7600	232	77	227	76	222	74	217	72	212	70	207	70	202	66	22	4	0,2	-	21	21	-
7800	241	79	236	78	231	76	225	74	220	72	215	72	210	68	22	4	0,2	-	21	21	-
8000	251	81	245	80	240	78	234	76	229	74	223	73	218	70	22	4	0,2	-	22	22	-
8200	261	84	255	82	249	80	244	78	238	75	232	75	226	71	21	4	0,2	-	22	22	-
8400	272	86	265	84	259	82	253	80	247	77	241	76	235	73	21	4	0,2	-	23	23	-
8600	282	88	275	86	269	84	263	82	256	79	250	78	244	74	20	5	0,2	-	24	24	-
8800	293	90	286	88	279	86	273	84	266	81	259	80	253	76	20	5	0,2	-	25	25	-
9000	304	92	297	90	290	88	283	86	276	83	269	82	262	78	19	5	0,2	-	26	26	-
9200	315	94	308	92	300	89	293	87	286	84	278	83	271	79	19	5	0,2	-	27	27	-
9400	327	96	319	94	311	91	304	89	296	86	288	85	281	81	18	6	0,2	-	28	28	-
9600	339	98	330	96	322	93	314	91	306	88	299	87	291	82	18	6	0,2	-	28	28	-
9800	351	101	342	98	334	95	325	93	317	90	309	89	301	84	18	6	0,2	-	29	29	-
10000	364	103	355	100	346	97	337	95	328	92	320	90	311	86	17	6	0,2	-	30	30	-
10200	377	106	367	103	358	100	349	97	340	94	331	92	322	87	17	6	0,2	-	31	31	-
10400	390	108	380	105	370	102	361	99	351	96	342	94	333	89	16	7	0,2	-	32	32	-
10600	404	111	393	107	383	104	373	101	363	98	353	96	344	91	16	7	0,2	-	33	33	-
10800	418	114	407	110	396	107	385	103	375	100	365	98	355	92	16	7	0,2	-	34	34	-
11000	433	117	421	113	409	109	398	106	387	102	377	100	366	94	15	8	0,2	-	34	34	-
11200	448	119	435	115	423	112	411	108	400	104	389	102	378	96	15	8	0,2	-	35	35	-
11400	464	-	450	118	437	114	425	110	413	106	401	104	390	98	15	8	0	-	36	36	-
11600	480	-	465	120	451	116	438	112	426	108	414	106	402	100	14	8	0	-	37	37	-
11800	497	-	481	-	466	118	452	114	439	110	427	108	414	102	14	9	0	-	38	38	-
12000	515	-	498	-	482	120	467	116	453	112	440	110	427	104	13	9	-	-	39	39	-
12200	534	-	516	-	499	-	483	118	468	114	454	111	440	105	12	9	-	-	40	40	-
12400	555	-	535	-	516	-	499	120	483	116	468	113	454	107	12	10	-	-	42	42	-
12600	578	-	556	-	535	-	516	-	499	118	483	115	468	108	11	10	-	-	43	43	-
12800	605	-	578	-	555	-	534	-	516	120	499	117	483	110	10	11	-	-	44	44	-
13000	636		602	-	576	-	553	-	534	-	515	119	498	112	9,8	11	-	-	45	45	-
13200	672		630	-	599	-	574	-	552	-	532	-	514	114	8,9	12	-	-	47	47	-
13400	750		666	-	626	-	596	-	572	-	550	-	531	116	7,8	12	-	-	48	48	-
13600			725	-	659	-	622	-	593	-	570	-	548	118	6,4	13	-	-	50	50	-
13800			750	-	709	-	653	-	617	-	591	-	567	120	4,7	14	-	-	52	52	-
14000			-	-	750	-	750	-	646	-	614	-	587	-	4,7	15	-	-	55	55	-
14200			-	-	-	-	-	-	683	-	640	-	609	-	4,7	17	-	-	58	58	-
14400			-	-	-	-	-	-	748	-	673	-	634	-	4,7	17	-	-	58	58	-
14600			-	-	-	-	-	-	750	-	722	-	664	-	4,7	17	-	-	58	58	-
14800			-	-	-	-	-	-	-	-	750	-	704	-	4,7	17	-	-	58	58	-
15000			-	-	-	-	-	-	-	-	-	-	750	-	4,7	17	-	-	58	58	-