600	1	-	1	-	1	-	1	-	1	-	1	-	1	-	92	0	-	18	-	0.9	0.4
800	4	-	4	-	4	-	4	-	4	-	4	-	4	-	90	0	-	18	-	1,2	0,6
1000	6	-	6	-	6	-	6	-	6	-	6	-	6	-	88	0	-	18	-	1,5	0,7
1200	8	11	8	11	8	11	8	11	8	11	8	11	8	11	86	0	1,9	18	0,2	1,8	0,8
1400	11	13	11	13	10	13	10	13	10	13	10	12	10	12	84	0	2,3	18	0,3	2,1	1
1600	13	15	13	15	13	15	13	14	13	14	12	14	12	13	81	0	2,7	17	0,3	2,5	1,2
1800	16	17	16	17	15	17	15	16	15	16	15	15	15	15	78	0	3,1	17	0,4	2,9	1,4
2000	18	19	18	19	18	18	18	18	18	17	17	16	17	16	75	0	3,5	16	0,4	3,3	1,6
2200	21	20	21	20	21	20	20	19	20	18	20	18	20	17	72	0	3,9	16	0,5	3,6	1,8
2400	24	22	24	22	24	21	23	21	23	20	23	20	22	19	70	0	4,3	16	0,5	4	2
2600	27	24	27	24	26	23	26	22	26	22	25	21	25	20	68	0	4,8	16	0,6	4,4	2,3
2800	30	26	30	25	29	25	29	24	29	23	28	22	28	22	66	1	5,3	16	0,7	4,7	2,5
3000	33	28	33	27	32	26	32	26	31	25	31	24	30	23	64	1	5,8	15	0,9	5,1	2,7
3200	37	30	36	29	35	28	35	27	34	27	34	26	33	25	62	1	6,4	15	1,1	5,5	3
3400	40	31	39	31	39	30	38	29	37	28	37	27	36	26	61	1	7	15	1,3	5,9	3,3
3600	44	33	43	32	42	32	42	31	41	30	40	29	39	28	59	1	7,6	14	1,5	6,3	3,6
3800	47	35	46	34	45	33	45	33	44	32	43	31	42	30	58	1	8,3	14	1,8	6,7	3,9
4000	51	37	50	36	49	35	48	34	47	33	47	32	46	31	56	1	9	14	2,1	7,2	4,2
4200	55	38	54	38	53	37	52	36	51	35	50	34	49	33	55	1	9,7	14	2,4	7,6	4,6
4400	59	40	58	40	57	39	55	38	54	37	53	36	52	34	54	1	10	14	2,7	8,1	5
4600	64	42	62	41	60	40	59	39	58	38	57	37	55	36	52	1	11	14	3	8,6	5,4
4800	68	44	66	43	64	42	63	41	62	40	60	38	59	37	50	1	12	14	3,3	9	5,8
5000	73	46	71	45	69	43	67	42	65	41	64	40	62	39	48	1	13	14	3,6	9,5	6,2
5200	77	48	75	46	73	45	71	44	69	43	68	42	66	40	46	1	14	14	3,9	10	6,6
5400	82	50	80	48	78	47	76	46	74	44	72	43	70	42	44	2	15	14	4,3	10	7,1
5600	88	52	85	50	82	48	80	47	78	46	76	44	74	43	43	2	16	14	4,7	11	7,6
5800	93	54	90	52	87	50	85	49	82	47	80	46	78	45	41	2	17	14	5,1	12	8,2
6000	99	56	95	54	92	52	89	51	87	49	84	48	82	46	40	2	18	14	5,5	12	8,8
6200	105	58	101	56	98	54	94	52	91	51	89	49	86	48	39	2	19	14	5,9	13	9,4
6400	111	60	107	58	103	56	99	54	96	52	93	51	90	49	38	2	20	15	6,3	13	10
6600	117	62	113	60	109	58	105	56	101	54	98	52	95	51	37	2	21	15	6,8	14	11
6800	124	64	119	62	114	60	110	58	106	56	103	54	99	52	35	2	22	15	7,2	15	11
7000	130	66	125	64	120	62	115	60	111	58	108	56	104	54	34	3	24	16	7,7	15	12
7200	137	68	131	66	126	64	121	61	117	59	113	57	109	56	33	3	25	16	8,1	16	13
7400	144	70	138	68	132	66	127	63	123	61	118	59	114	57	32	3	26	16	8,6	16	13
7600	151	72	145	70	139	68	134	65	129	63	124	61	119	59	31	3	27	16	9	17	14
7800	159	75	152	72	146	70	140	67	135	65	130	63	125	61	30	3	28	17	9,5	18	15
8000	167	77	160	74	153	72	147	69	141	67	136	65	130	63	29	3	29	17	10	18	16
8200	174	79	167	76	160	74	154	71	148	69	142	67	136	64	28	4	30	17	10	19	16
8400	182	81	175	78	168	76	161	73	154	71	148	68	142	66	28	4	31	18	11	20	17
8600	191	83	183	81	175	78	168	75	161	73	154	70	148	68	27	4	32	18	12	20	18
8800	199	85	191	83	183	80	175	77	168	75	161	72	154	70	27	4	34	18	13	21	19
9000	208	88	199	85	191	82	183	79	175	77	168	74	160	72	26	4	35	19	14	22	20
9200	217	90	208	87	199	84	191	81	183	79	175	76	167	74	26	4	37	19	15	23	21
9400	226	92	217	89	208	86	199	83	190	81	182	78	174	76	25	5	38	19	16	23	21
9600	235	94	225	91	216	88	207	85	198	82	189	80	180	77	25	5	40	19	17	24	22
9800	245	96	234	93	224	90	215	87	205	84	196	82	187	79	24	5	41	20	18	25	23
10000	254	98	244	95	233	92	223	89	213	86	204	84	195	81	24	5	43	20	19	26	24
10200	264	101	253	97	242	94	231	91	221	88	211	85	202	83	23	6	44	20	20	26	25
10400	274	103	262	100	251	96	240	93	229	90	219	87	210	84	23	6	46	21	21	27	26
10600	285	105	272	102	260	98	249	95	238	92	227	89	217	86	22	6	47	21	22	28	26
10800	295	108	282	104	270	100	258	97	247	94	236	91	225	88	22	6	49	21	23	29	27
11000	306	110	293	106	280	103	268	99	256	96	244	93	233	90	21	7	50	22	25	30	28
11200	317	113	303	109	290	105	277	101	265	98	252	95	241	92	21	7	51	22	26	30	29
11400	329	115	314	111	300	107	287	103	274	100	261	96	249	93	20	7	52	22	27	31	30
11600	341	118	326	114	311	110	297	106	284	102	270	98	257	95	20	7	53	22	28	32	31
11800	353	-	337	116	322	112	307	108	293	104	279	100	266	97	19	8	54	23	28	33	32
12000	365	-	349	119	333	114	318	110	303	106	289	102	275	98	19	8	55	23	29	34	33
12200	378	-	361	-	344	117	328	112	313	108	298	104	284	100	18	8	57	23	29	35	34
12400	391	-	373	-	356	119	339	115	323	110	308	106	293	102	18	8	58	24	29	36	34
12600	405	-	386	-	368	-	350	117	334	112	318	108	302	104	17	9	60	24	30	36	35
12800	419	-	399	-	380	-	361	119	344	115	328	110	312	106	17	9	61	24	30	37	36
13000	434	-	412	-	392	-	373	-	355	117	338	112	321	108	17	9	-	25	-	38	37
13200	449	-	426	-	405	-	385	-	366	119	348	114	331	110	16	10	-	25	-	39	38
13400	464	-	440	-	418	-	397	-	378	-	359	116	342	112	16	10	-	25	-	40	39
13600	481	-	455	-	432	-	410	-	389	-	370	118	352	114	16	10	-	26	-	41	40
13800	499	-	470	-	446	-	423	-	401	-	381	-	362	116	15	10	-	26	-	42	41
14000	517	-	486	-	460	-	436	-	414	-	393	-	373	118	15	11	-	27	-	43	42
14200	537	-	503	-	475	-	450	-	426	-	404	-	384	120	15	11	-	27	-	44	43
14400	558	-	521	-	491	-	464	-	439	-	416	-	396	-	14	12	-	27	-	45	44
14600	582	-	540	-	508	-	479	-	452	-	429	-	407	-	14	12	-	28	-	46	45
14800	609	-	561	-	525	-	494	-	466	-	442	-	419	-	13	13	-	28	-	48	46
15000	641	-	584	-	544	-	510	-	481	-	455	-	431	-	12	13	-	29	-	49	47
15200	686	-	609	-	564	-	527	-	496	-	468	-	443	-	11	14	-	29	-	50	48
15300	750	-	624	-	574	-	537	-	506	-	478	-	453	-	10	14	-	30	-	50	49
15400			640	-	585	-	545	-	512	-	482	-	456	-	10	14	-	30	-	51	49
15600	-	-	682	-	610	-	564	-	528	-	496	-	469	-	9,5	15	-	30	-	53	50
15730	-	-	750	-	630	-	578	-	538	-	503	-	474	-	9	15	-	31	-	54	51
15800	-	-	-	-	638	-	585	-	545	-	511	-	482	-	8,6	15	-	31	-	54	51
16000	-	-	-	-	675	-	608	-	564	-	527	-	496	-	7,5	16	-	32	-	56	52
16180	-	-	-	-	750	-	631	-	581	-	541	-	508	-	6,2	17	-	32	-	58	54
16200	-	-	-	-	-	-	634	-	584	-	544	-	511	-	6,2	17	-	32	-	58	54
16400	-	-	-	-	-	-	667	-	605	-	561	-	526	-	3,9	18	-	33	-	60	55
16600	-	-	-	-	-	-	717	-	630	-	580	-	542	-	3,9	20	-	34	-	64	58
16640	-	-	-	-	-	-	750	-	640	-	590	-	552	-	3,9	22	-	34	-	66	59